49 8 31 18 14 19 27 26 22 42 9 28 23 18 9 28 5 34 12 1 37 32 41 0 30 7 31 41 17 2 3 37 27 6 35 22 16 7 2 18 29 33 50 11 5 28 35 17 40 24
5 31 50 10 44 16 21 14 40 20 3 4 26 35 20 43 42 10 21 34 0 37 25 12 20 34 9 41 43 5 43 3 29 42 22 41 20 21 4 29 0 6 22 40 31 17 36 21 49 50
11 45 37 20 19 30 36 34 15 30 24 3 38 7 19 11 32 50 7 13 31 0 36 21 2 41 22 43 20 41 9 45 20 18 36 50 25 43 1 48 22 39 23 17 30 9 12 32 10 35
35 30 26 13 6 17 21 43 15 32 11 18 42 0 37 14 27 10 24 44 25 31 31 20 3 15 42 26 37 46 4 36 50 1 3 21 41 25 20 7 14 28 18 26 5 36 49 35 3 36
37 27 11 33 9 10 28 12 5 32 26 11 30 28 30 46 34 40 7 0 21 46 31 30 10 47 18 8 23 14 26 6 29 43 14 48 50 49 19 29 46 35 49 35 23 36 20 48 32 13
49 16 12 50 18 25 36 14 36 4 41 5 11 17 6 42 39 2 8 34 39 45 1 49 20 32 27 43 7 47 17 19 0 39 3 31 28 28 44 47 25 13 23 1 6 23 18 48 18 37
19 13 5 10 47 47 41 45 41 42 0 21 31 8 46 24 5 7 33 46 6 45 7 31 36 26 40 31 8 9 33 28 32 39 43 13 45 26 33 15 47 41 27 20 34 12 19 20 32 10
19 26 30 25 29 1 49 10 21 34 3 43 15 6 2 50 33 36 5 20 12 0 33 10 10 44 34 41 42 47 16 35 18 43 42 15 36 25 12 11 41 38 43 41 0 23 46 14 11 37
14 38 31 24 38 43 32 20 47 31 16 6 37 42 17 24 0 8 31 30 49 26 34 22 12 27 39 6 26 22 35 20 1 44 10 48 9 49 41 16 16 42 28 19 43 14 7 19 22 37
35 47 1 6 40 2 39 0 34 4 42 3 15 50 34 19 9 45 48 1 36 16 27 0 5 50 4 29 29 10 49 3 46 29 18 14 9 32 9 7 17 9 39 5 44 29 22 31 48 6
34 22 10 14 8 41 9 27 10 22 25 22 46 50 40 45 6 40 3 2 7 45 38 11 45 24 5 18 49 23 38 37 22 5 15 26 19 30 24 48 30 0 18 5 47 20 47 26 45 8
13 23 36 41 40 9 45 38 28 42 28 1 20 17 34 16 11 38 31 50 26 32 9 4 21 50 7 20 15 13 34 17 40 9 5 41 27 6 11 42 40 8 4 28 41 23 49 12 42 10
37 16 30 39 40 41 31 21 23 18 10 1 12 17 18 27 43 42 2 0 47 28 7 47 2 38 3 3 38 4 25 11 13 30 36 40 47 44 0 10 4 43 29 16 44 26 46 22 28 4
24 38 18 18 35 40 21 7 46 45 8 33 36 31 4 2 19 11 26 29 13 39 11 37 8 33 0 6 7 2 50 50 43 35 19 23 17 34 11 25 48 40 12 17 15 16 38 38 37 30
23 30 32 48 45 38 25 32 44 32 18 11 29 30 0 4 6 28 8 32 28 2 0 44 33 49 28 11 28 42 0 4 45 49 0 44 28 6 33 4 12 24 34 7 38 11 12 19 23 4
47 16 47 18 23 27 17 43 29 23 44 24 27 47 38 40 1 17 46 14 2 21 36 39 46 23 39 23 0 29 45 18 34 37 11 1 8 4 9 0 6 32 25 18 9 42 19 49 23 49
23 42 11 38 3 47 18 47 4 14 35 35 34 20 41 19 30 37 36 22 0 0 8 4 3 2 1 29 41 16 1 42 35 26 46 1 31 9 1 26 44 49 15 6 45 0 4 28 15 25
18 22 49 28 41 43 7 33 0 33 21 31 10 23 17 4 4 18 20 48 4 28 47 48 4 39 29 34 21 37 43 34 24 19 27 20 1 21 9 18 49 32 14 25 9 1 12 46 23 26
4 18 4 25 17 46 33 43 35 19 10 1 16 39 6 23 19 19 37 5 49 49 35 23 47 37 17 50 14 3 14 16 15 11 1 30 23 23 48 31 33 8 6 24 40 49 40 4 31 49
32 12 23 40 42 41 3 7 6 40 41 15 49 32 41 7 42 3 22 45 4 48 43 12 9 50 23 27 28 6 43 22 40 24 9 26 26 14 27 24 2 40 11 46 25 41 43 5 26 27
26 34 36 4 31 43 7 38 28 1 10 20 31 36 30 32 44 44 5 20 28 44 45 39 10 44 31 34 32 30 33 36 45 8 48 10 19 42 3 42 6 6 23 47 44 36 2 43 36 24
46 18 35 45 10 33 20 31 28 25 50 14 37 3 22 7 33 22 47 33 35 31 4 48 27 24 26 50 42 9 43 44 36 29 46 44 42 23 17 20 11 0 2 39 34 13 1 9 39 12
50 9 47 42 14 47 1 43 44 47 38 40 42 46 24 20 46 21 48 26 4 20 13 27 20 9 32 49 45 5 28 29 40 48 42 33 45 12 21 18 2 21 40 15 26 40 41 12 25 28
41 8 26 26 4 43 38 3 41 10 12 2 50 50 29 4 5 37 20 50 25 7 19 16 39 9 13 4 13 15 28 16 39 50 6 26 12 43 13 29 6 23 1 1 37 30 50 24 44 14
5 2 32 12 46 43 17 41 46 42 45 42 33 44 31 22 8 43 41 7 48 25 15 22 26 43 15 19 8 24 10 36 12 39 25 21 25 49 34 39 21 43 32 27 24 36 27 8 28 43
33 39 44 3 49 44 48 7 47 9 34 25 44 32 49 28 22 25 28 33 25 2 5 20 27 17 38 47 47 28 6 10 7 10 19 11 50 30 23 4 5 45 25 47 14 25 2 14 47 19
20 30 35 37 42 8 5 48 48 41 21 20 28 13 37 43 41 11 17 6 13 10 40 9 12 31 26 47 26 7 41 46 31 17 28 34 33 24 48 34 28 36 35 24 29 46 41 11 18 44
50 47 46 25 0 26 23 31 19 21 47 20 36 16 39 12 37 8 38 12 8 22 32 12 15 49 38 44 37 3 32 16 7 31 30 35 2 46 10 43 33 29 48 12 43 21 25 37 44 33
24 10 43 50 22 0 0 20 19 11 3 37 49 34 28 14 1 16 31 5 42 44 43 42 2 3 16 27 27 14 25 30 17 18 43 41 43 7 14 36 29 11 14 17 33 26 13 11 33 0
9 17 1 2 48 25 28 29 30 21 13 44 46 25 44 0 38 49 2 0 34 35 24 28 33 8 4 21 5 39 12 46 24 1 8 44 38 15 37 27 45 18 34 6 19 14 35 9 36 34
46 36 25 25 25 10 27 7 23 29 26 6 15 35 30 45 28 11 44 35 37 34 20 15 28 4 37 0 45 36 4 14 11 14 41 32 39 34 36 23 40 5 31 43 36 9 36 8 49 15
46 37 2 16 38 42 38 5 39 23 24 39 48 38 47 13 49 2 4 7 20 1 27 14 41 0 35 1 41 31 4 28 27 40 0 48 20 30 34 16 2 24 24 22 28 41 9 15 4 4
27 8 9 29 13 30 49 22 27 34 8 46 50 29 17 3 28 32 17 2 44 15 8 49 26 50 21 9 28 45 14 32 38 23 41 44 15 13 23 43 48 31 16 2 15 4 7 12 2 13
12 0 14 31 45 10 49 27 2 6 31 16 27 6 4 35 48 13 46 31 25 47 23 1 15 0 23 47 16 18 15 7 3 27 36 11 48 26 30 10 4 42 43 19 5 45 17 34 21 8
30 11 23 36 47 8 2 31 46 36 10 11 13 33 41 50 43 42 30 2 8 35 42 33 43 27 43 47 30 47 14 37 42 11 23 11 7 15 47 29 13 9 37 14 18 34 42 42 19 7
15 29 14 35 6 18 27 40 30 10 5 27 10 27 38 6 25 3 34 23 29 23 0 18 26 7 43 14 16 0 37 8 30 39 30 32 27 32 31 5 25 9 33 46 36 47 13 43 2 42
19 9 23 35 13 28 43 5 12 25 8 42 17 0 45 29 4 12 17 31 47 10 41 6 47 34 16 9 41 30 38 20 41 4 47 41 9 17 0 12 11 33 22 3 45 9 5 47 3 26
25 48 16 37 34 5 1 1 28 30 25 23 42 9 27 12 49 0 6 35 2 21 7 2 22 8 20 20 22 21 4 5 8 15 5 45 47 11 24 44 50 16 19 19 3 22 2 23 4 19
9 43 38 11 8 1 19 26 17 4 15 14 4 29 33 39 29 4 32 48 21 16 7 41 13 12 48 49 27 43 30 0 29 27 32 48 3 48 11 14 4 11 30 30 2 27 15 19 46 23
6 16 32 8 15 7 41 40 37 9 43 37 15 5 4 47 35 31 42 30 28 18 40 3 7 11 50 34 4 9 46 5 45 41 13 49 40 15 22 46 38 38 19 6 48 14 17 0 27 17
48 8 9 47 6 18 30 38 0 0 29 7 3 2 40 32 42 31 46 2 34 50 25 2 5 10 12 45 26 47 33 4 23 47 4 11 19 45 16 36 3 32 6 34 4 31 19 44 10 49
28 27 3 20 47 2 34 9 22 15 41 27 39 17 29 46 34 48 23 43 35 36 41 11 48 44 32 0 12 33 16 44 20 26 47 22 17 48 31 31 3 10 36 12 6 1 47 49 29 46
22 11 43 29 48 10 15 30 7 0 39 43 48 37 6 39 24 15 39 42 19 28 43 16 27 13 18 35 1 40 15 48 16 4 38 14 18 6 19 40 36 9 23 22 29 16 38 32 36 31
4 7 24 1 22 19 36 41 47 50 38 15 12 22 41 14 48 13 46 8 6 21 34 11 43 45 45 15 34 36 0 39 5 42 10 18 12 19 9 46 3 20 42 3 14 0 37 27 6 11
15 16 21 31 34 23 39 5 44 25 2 28 38 8 9 24 40 21 3 23 17 22 40 38 33 23 35 34 5 48 30 27 25 16 44 25 41 13 27 40 5 38 11 8 47 25 48 10 37 5
23 22 23 40 32 27 16 4 15 10 44 1 23 6 22 5 16 40 11 43 35 15 26 42 7 32 28 1 50 29 4 38 4 28 37 2 35 27 32 12 18 16 46 32 36 25 29 16 40 6
1 27 22 32 23 6 17 0 33 29 42 20 43 49 38 44 50 7 39 27 13 46 13 21 20 17 32 35 35 8 29 40 21 36 6 32 43 8 44 45 15 30 2 4 16 11 44 19 28 30
21 11 11 21 45 32 12 41 1 44 16 15 49 10 10 25 27 10 9 34 26 4 31 19 3 48 3 8 50 39 18 33 39 2 18 0 41 16 45 44 27 9 46 12 35 36 31 14 34 29
23 18 18 34 49 16 4 26 49 15 32 13 41 30 43 9 20 14 13 44 6 27 49 40 19 33 1 20 2 37 10 40 36 21 47 11 41 42 39 20 9 18 25 22 3 19 38 42 8 2
18 23 23 49 26 40 28 8 22 2 34 11 34 20 11 0 30 0 46 18 48 40 30 20 46 5 29 5 22 26 38 24 31 32 36 37 1 38 15 39 28 31 26 12 14 33 17 9 19 36
